3   3
3.3 5.5
4   5
4.4 4.4
5   3
11.4563843755 12.6364324652
13.6580247882 10.0038591873
8.73934865891 14.2745496714
-4.79915994896 3.00589260702
2.29969027229 -4.62851636414
-4.99863765128 4.83493904622
10.3824361996 -3.4278930082
11.2063052976 12.8410314725
14.3694266048 8.49483119729
5.99302298977 -4.95057311625
-3.91845882178 0.476606114401
8.60908896826 -4.32601076662
-1.55356710086 12.5531952348
11.8665768034 12.2698090074
-4.34113353776 1.43023470942
-1.51402093756 12.5873270145
5.8595017691 14.9629943646
-3.45448437394 10.340570566
4.91943424828 14.9996754527
14.7919365358 7.02928038457
12.2290994681 -1.90942261551
-4.89287322519 3.54018516572
-4.97375414358 5.72403610644
-3.97524691395 0.590357969898
-3.82918391856 9.69526477765
7.1432827914 14.7676168473
-4.92065800539 3.74280282372
14.9425218042 3.92936459378
7.21237482005 -4.75219963165
12.0788866166 -2.06324035191
4.76403797965 -4.99721570863
1.17762206411 -4.24063996243
1.27846162758 -4.28171062588
-1.65991645465 -2.45959200072
13.4031837732 10.4209318824
12.0900661058 12.0520183363
14.8947711952 6.44689425856
12.5537581694 -1.55291824444
14.3614351965 8.51618131808
9.71205179541 -3.82023627106
0.0924791108756 -3.71299252397
10.9715781192 -3.02123773281
8.6429650317 -4.31283017014
10.8877917903 13.0829393066
3.36216302813 -4.86496274973
7.54751265474 14.6700661463
0.0535760144809 13.6909659852
-4.50620166274 8.10356729382
9.82708045942 -3.75781332516
9.13031610001 -4.10716689833
13.3053152508 10.5697162033
6.24279450424 14.9224725659
-4.69127852825 7.4655872501
-3.81567405665 0.279418369854
14.6743292805 2.46872503012
13.0612437427 -0.917461391533
-3.40185021497 10.4229985216
6.38568084124 -4.90352909857
6.98691319051 14.8006212034
-0.198204090704 13.5427556579
9.85383343338 13.7430144116
14.9293772938 3.81363304271
-4.39374513004 1.57107124135
1.28444592919 -4.28410781642
1.68796329935 14.4355928745
-4.3912238942 1.56417204025
14.3963434161 8.42180221618
8.91125230263 14.2033746759
2.80686922996 -4.75654536327
-1.79215299144 -2.33939082901
14.2618945414 1.22941523046
14.9921242712 5.39680291008
1.24269085889 -4.26728806168
-4.73333733307 2.70606356656
-0.421876380634 -3.40257439795
-2.64399273999 11.4474316585
7.05627014349 14.7863043636
7.4036529429 -4.70682504891
13.6871792432 0.0469285492265
2.67219846005 14.7252938254
13.0936378378 -0.873076412746
-3.34363199647 -0.512150678954
11.2561579466 -2.80131320655
13.4066755699 -0.415515290627
8.81415524037 -4.24403698621
6.95323500944 -4.80738869414
-2.03727337887 -2.10470149908
8.10695708328 -4.50509430162
-4.64392090328 2.35523354314
0.946938473482 -4.14181011957
7.80585597581 -4.5982900687
14.9273128971 6.20351927429
11.2625698932 12.7961669
-1.99540510117 -2.14592943364
11.5481499708 12.5578920315
11.8553806155 -2.28036789023
-1.03077712192 -2.97682438729
10.2853297078 -3.48912774552
-4.92163788265 3.75055943495
6.38277362663 14.9039354348
